0.00000	-4.82333
0.02000	-8.82880
0.04000	-1.79755
0.06000	-1.49908
0.08000	-4.28411
0.10000	4.26404
0.12000	-0.84784
0.14000	-15.61669
0.16000	-9.84789
0.18000	8.37864
0.20000	7.20871
0.22000	-3.66034
0.24000	3.00233
0.26000	5.12376
0.28000	-2.13977
0.30000	3.69032
0.32000	12.13669
0.34000	8.56711
0.36000	-0.03482
0.38000	-1.25610
0.40000	2.64444
0.42000	4.78738
0.44000	5.12523
0.46000	1.99966
0.48000	0.37519
0.50000	2.18886
0.52000	-1.45187
0.54000	-4.81959
0.56000	0.00312
0.58000	-0.78733
0.60000	-6.23760
0.62000	-1.62901
0.64000	3.98760
0.66000	5.25172
0.68000	3.99267
0.70000	-3.98280
0.72000	-8.54303
0.74000	-1.68238
0.76000	4.25726
0.78000	-0.73860
0.80000	-4.69701
0.82000	-1.97260
0.84000	-2.80810
0.86000	-1.95152
0.88000	2.94012
0.90000	-0.37702
0.92000	-4.93422
0.94000	-0.90736
0.96000	-1.53949
0.98000	-3.68111
1.00000	4.74942
1.02000	8.71718
1.04000	3.62277
1.06000	-0.33541
1.08000	-3.26693
1.10000	-3.41534
1.12000	1.56195
1.14000	5.32046
1.16000	1.01557
1.18000	-5.61639
1.20000	-6.95595
1.22000	-6.04725
1.24000	-1.97003
1.26000	5.64163
1.28000	6.57743
1.30000	-0.29238
1.32000	-4.10639
1.34000	-0.36557
1.36000	2.60908
1.38000	0.90646
1.40000	3.09418
1.42000	4.61692
1.44000	-0.99101
1.46000	-2.94812
1.48000	1.41237
1.50000	3.09218
1.52000	-3.22242
1.54000	-10.70680
1.56000	-7.37254
1.58000	3.08630
1.60000	6.35264
1.62000	4.99335
1.64000	12.23472
1.66000	16.51524
1.68000	5.10039
1.70000	-1.97850
1.72000	5.43915
1.74000	8.91121
1.76000	3.62343
1.78000	-0.09971
1.80000	-0.87822
1.82000	0.25173
1.84000	0.78727
1.86000	-3.19359
1.88000	-7.09370
1.90000	-5.68641
1.92000	-2.78433
1.94000	-3.77413
1.96000	-5.11100
1.98000	-2.05350
2.00000	-0.06873
2.02000	-3.42459
2.04000	-3.78206
2.06000	0.80568
2.08000	-1.49918
2.10000	-8.41508
2.12000	-10.63513
2.14000	-8.19005
2.16000	1.42420
2.18000	7.77654
2.20000	2.06430
2.22000	3.47911
2.24000	14.87046
2.26000	15.63709
2.28000	6.08387
2.30000	1.33369
2.32000	1.04109
2.34000	-3.82753
2.36000	-8.56231
2.38000	-5.22570
2.40000	2.08017
2.42000	8.11576
2.44000	8.61169
2.46000	0.93109
2.48000	-2.19334
2.50000	6.92532
2.52000	13.54993
2.54000	7.56811
2.56000	-2.09203
2.58000	-0.43698
2.60000	3.64347
2.62000	-7.89200
2.64000	-17.80495
2.66000	-11.81344
2.68000	-4.99346
2.70000	-4.39163
2.72000	-7.45691
2.74000	-8.92002
2.76000	-4.91743
2.78000	-3.06596
2.80000	-4.95481
2.82000	-1.51616
2.84000	7.89880
2.86000	12.59737
2.88000	7.39094
2.90000	-0.09434
2.92000	-2.61443
2.94000	-1.18421
2.96000	0.55983
2.98000	4.34197
3.00000	8.38712
3.02000	0.74616
3.04000	-8.61697
3.06000	-2.10303
3.08000	-1.84322
3.10000	-14.08099
3.12000	-12.09972
3.14000	-1.39432
3.16000	5.21998
3.18000	6.61385
3.20000	5.65984
3.22000	12.78325
3.24000	10.72680
3.26000	-1.37250
3.28000	0.43353
3.30000	2.19454
3.32000	-2.13739
3.34000	-5.36533
3.36000	-9.77353
3.38000	-6.73769
3.40000	-0.07595
3.42000	3.03956
3.44000	5.96063
3.46000	8.16628
3.48000	8.39663
3.50000	5.79321
3.52000	2.31028
3.54000	-0.35196
3.56000	-2.73264
3.58000	-1.65965
3.60000	3.09914
3.62000	2.33181
3.64000	-6.88562
3.66000	-9.58964
3.68000	-2.67534
3.70000	-1.85684
3.72000	-5.38851
3.74000	-3.89191
3.76000	-1.73775
3.78000	-2.09309
3.80000	-2.51596
3.82000	-0.81891
3.84000	2.54698
3.86000	4.56349
3.88000	3.71250
3.90000	3.05689
3.92000	3.72560
3.94000	-0.42506
3.96000	-4.16772
3.98000	2.13444
4.00000	6.78966
4.02000	3.88794
4.04000	2.10644
4.06000	0.34414
4.08000	-4.54417
4.10000	-8.67239
4.12000	-4.43722
4.14000	-1.00153
4.16000	-4.05836
4.18000	3.12656
4.20000	0.85332
4.22000	-15.42930
4.24000	-8.27280
4.26000	0.94977
4.28000	-7.60390
4.30000	-6.39709
4.32000	2.41700
4.34000	0.85081
4.36000	-3.77799
4.38000	3.36013
4.40000	7.54234
4.42000	-0.78398
4.44000	1.79361
4.46000	8.46115
4.48000	2.62187
4.50000	3.13481
4.52000	12.12377
4.54000	11.91154
4.56000	4.82421
4.58000	1.39719
4.60000	-0.97877
4.62000	-3.25021
4.64000	-2.99187
4.66000	-12.09546
4.68000	-18.49640
4.70000	-4.27355
4.72000	2.68518
4.74000	-4.16495
4.76000	1.27672
4.78000	9.92424
4.80000	1.00031
4.82000	-9.94637
4.84000	-3.10154
4.86000	0.58800
4.88000	-8.57683
4.90000	-4.38411
4.92000	6.39794
4.94000	2.71085
4.96000	-3.52497
4.98000	-4.13848
5.00000	-3.37791
5.02000	2.95903
5.04000	7.07539
5.06000	0.44514
5.08000	4.42630
5.10000	15.05918
5.12000	4.80051
5.14000	-5.21266
5.16000	3.61830
5.18000	7.30717
5.20000	-3.26147
5.22000	-7.95819
5.24000	-1.13854
5.26000	-5.51896
5.28000	-14.89356
5.30000	-6.50987
5.32000	-1.03766
5.34000	-2.91682
5.36000	3.30651
5.38000	-2.60778
5.40000	-9.07944
5.42000	2.60488
5.44000	4.41456
5.46000	4.56296
5.48000	11.23246
5.50000	3.64044
5.52000	-0.94892
5.54000	6.80076
5.56000	11.80392
5.58000	13.54617
5.60000	13.53659
5.62000	2.84613
5.64000	-13.17062
5.66000	-7.98754
5.68000	6.17661
5.70000	0.44475
5.72000	-8.19322
5.74000	-7.56614
5.76000	-9.30876
5.78000	-11.44877
5.80000	-6.48814
5.82000	-3.33681
5.84000	-10.26031
5.86000	-7.73126
5.88000	-1.59723
5.90000	-15.17777
5.92000	-10.11563
5.94000	8.55128
5.96000	-3.74313
5.98000	-0.93002
6.00000	8.71258
6.02000	-9.76603
6.04000	4.25661
6.06000	24.03638
6.08000	3.95914
6.10000	-8.69290
6.12000	-8.24085
6.14000	-2.55555
6.16000	3.53402
6.18000	5.50022
6.20000	14.16164
6.22000	4.92656
6.24000	1.29102
6.26000	19.55753
6.28000	5.17111
6.30000	-8.45653
6.32000	8.66051
6.34000	8.10865
6.36000	0.14189
6.38000	-0.73239
6.40000	-8.09996
6.42000	-9.30155
6.44000	-3.52278
6.46000	1.88576
6.48000	3.86012
6.50000	-4.08258
6.52000	-12.05002
6.54000	-4.85769
6.56000	9.30758
6.58000	3.12646
6.60000	-13.89472
6.62000	-9.21056
6.64000	-3.92566
6.66000	-11.87312
6.68000	-5.70257
6.70000	3.37563
6.72000	0.04354
6.74000	4.84556
6.76000	5.61459
6.78000	-6.96777
6.80000	-2.00039
6.82000	1.75491
6.84000	-3.55081
6.86000	7.75202
6.88000	0.04749
6.90000	-18.06732
6.92000	-8.08264
6.94000	1.14333
6.96000	8.32877
6.98000	18.65751
7.00000	16.30335
7.02000	14.53221
7.04000	16.47171
7.06000	14.62802
7.08000	6.96483
7.10000	4.38794
7.12000	11.64298
7.14000	7.12439
7.16000	-2.31134
7.18000	-2.51128
7.20000	-4.95869
7.22000	-0.75669
7.24000	6.81482
7.26000	-6.84333
7.28000	-11.17462
7.30000	9.35571
7.32000	14.06933
7.34000	-0.38701
7.36000	-11.82472
7.38000	-3.71975
7.40000	13.97160
7.42000	15.32438
7.44000	10.29767
7.46000	3.22582
7.48000	-1.97502
7.50000	5.89369
7.52000	-3.90217
7.54000	-27.25274
7.56000	-19.53534
7.58000	2.57141
7.60000	3.94347
7.62000	-7.83516
7.64000	-9.42164
7.66000	1.18462
7.68000	7.04091
7.70000	9.46338
7.72000	7.37942
7.74000	-10.51873
7.76000	-17.97288
7.78000	-11.64301
7.80000	-14.13549
7.82000	5.36420
7.84000	25.78678
7.86000	0.84019
7.88000	-13.16779
7.90000	7.60280
7.92000	15.89322
7.94000	8.57454
7.96000	2.43441
7.98000	-5.00622
8.00000	-13.14504
8.02000	-3.80489
8.04000	12.74833
8.06000	4.29698
8.08000	5.19609
8.10000	15.44735
8.12000	-4.76992
8.14000	-6.07687
8.16000	7.51124
8.18000	-9.00086
8.20000	-10.97524
8.22000	4.80178
8.24000	1.23880
8.26000	-1.88817
8.28000	7.24831
8.30000	15.30416
8.32000	14.66492
8.34000	-2.74953
8.36000	-11.88989
8.38000	4.20185
8.40000	3.80745
8.42000	-2.77021
8.44000	9.19393
8.46000	-9.51376
8.48000	-29.08491
8.50000	2.16192
8.52000	18.33347
8.54000	3.50996
8.56000	1.96187
8.58000	-7.18692
8.60000	-19.84278
8.62000	-8.42639
8.64000	-5.46605
8.66000	-10.60383
8.68000	-5.44754
8.70000	-2.73480
8.72000	10.12997
8.74000	14.04953
8.76000	-1.59654
8.78000	-8.67491
8.80000	-10.08810
8.82000	-0.91623
8.84000	-1.91640
8.86000	-16.48121
8.88000	-4.59337
8.90000	-1.42399
8.92000	-6.76019
8.94000	14.11212
8.96000	14.88027
8.98000	-5.26998
9.00000	-10.28981
9.02000	0.40069
9.04000	11.76949
9.06000	1.21727
9.08000	-4.38443
9.10000	6.18099
9.12000	-12.39477
9.14000	-24.39250
9.16000	17.76398
9.18000	35.03507
9.20000	4.00447
9.22000	-10.32289
9.24000	-18.76410
9.26000	-18.95241
9.28000	-5.19615
9.30000	-6.00769
9.32000	-3.85293
9.34000	-0.88253
9.36000	10.85244
9.38000	22.77323
9.40000	-1.48787
9.42000	-5.96789
9.44000	6.75848
9.46000	1.29552
9.48000	13.26555
9.50000	3.67382
9.52000	-20.55810
9.54000	0.71793
9.56000	16.82228
9.58000	5.36396
9.60000	1.42865
9.62000	5.53962
9.64000	9.25043
9.66000	-0.11153
9.68000	-7.23455
9.70000	6.55961
9.72000	7.68111
9.74000	0.20755
9.76000	-2.59691
9.78000	-17.73436
9.80000	-9.28003
9.82000	11.83890
9.84000	10.75006
9.86000	2.37168
9.88000	-14.37779
9.90000	-1.43265
9.92000	21.14648
9.94000	-0.27702
9.96000	-3.52646
9.98000	15.34798
10.00000	3.81986
10.02000	-19.41463
10.04000	-16.01046
10.06000	13.11415
10.08000	15.49161
10.10000	-5.06240
10.12000	0.48571
10.14000	5.53980
10.16000	-3.48910
10.18000	7.67999
10.20000	8.52455
10.22000	-15.64575
10.24000	-14.79297
10.26000	-9.50147
10.28000	-11.85598
10.30000	15.78756
10.32000	27.03442
10.34000	2.77953
10.36000	-12.44373
10.38000	-11.38166
10.40000	7.39545
10.42000	7.61181
10.44000	-14.21930
10.46000	-4.26664
10.48000	5.21623
10.50000	-8.06740
10.52000	-8.63119
10.54000	-8.43953
10.56000	-0.66400
10.58000	23.62013
10.60000	15.96164
10.62000	-6.38011
10.64000	-7.05814
10.66000	-7.14848
10.68000	-2.61154
10.70000	-0.56070
10.72000	-8.69239
10.74000	-4.32801
10.76000	1.81030
10.78000	2.51276
10.80000	7.45799
10.82000	3.98957
10.84000	-5.84569
10.86000	-4.12104
10.88000	2.66122
10.90000	-4.58252
10.92000	-7.02506
10.94000	8.60034
10.96000	3.65433
10.98000	0.56234
11.00000	17.37074
11.02000	5.70467
11.04000	5.33214
11.06000	28.04895
11.08000	10.84682
11.10000	-14.26085
11.12000	-10.79945
11.14000	-3.90739
11.16000	-5.27270
11.18000	-2.32320
11.20000	13.58107
11.22000	17.84636
11.24000	7.73075
11.26000	7.74675
11.28000	3.75664
11.30000	-5.60764
11.32000	-0.69324
11.34000	1.46381
11.36000	-9.95628
11.38000	-17.91215
11.40000	-9.29056
11.42000	8.22618
11.44000	7.73141
11.46000	-8.80731
11.48000	-15.53326
11.50000	-8.77021
11.52000	0.50130
11.54000	3.74256
11.56000	7.09754
11.58000	6.40941
11.60000	-8.72414
11.62000	-18.25003
11.64000	-3.23188
11.66000	15.50232
11.68000	6.17572
11.70000	-2.26085
11.72000	12.83877
11.74000	6.08859
11.76000	-13.32973
11.78000	-3.93082
11.80000	11.48932
11.82000	8.56725
11.84000	-5.91646
11.86000	-11.95291
11.88000	0.36719
11.90000	5.48747
11.92000	0.60957
11.94000	11.99235
11.96000	17.28927
11.98000	-7.56575
12.00000	-20.58796
12.02000	-5.28769
12.04000	-3.66868
12.06000	-9.85352
12.08000	4.98915
12.10000	18.40949
12.12000	11.89689
12.14000	0.78704
12.16000	-5.40378
12.18000	-9.19459
12.20000	-3.27957
12.22000	-2.53746
12.24000	-17.28589
12.26000	-17.75869
12.28000	-16.43805
12.30000	-16.68748
12.32000	1.50035
12.34000	1.30620
12.36000	-11.71879
12.38000	-4.89836
12.40000	3.57732
12.42000	7.92622
12.44000	7.18217
12.46000	1.28631
12.48000	9.05836
12.50000	15.22619
12.52000	5.14444
12.54000	5.36349
12.56000	9.64076
12.58000	-1.42301
12.60000	-7.03846
12.62000	1.58088
12.64000	5.62822
12.66000	-1.37851
12.68000	2.27024
12.70000	12.04868
12.72000	1.07741
12.74000	0.39103
12.76000	12.38958
12.78000	-1.09867
12.80000	-7.86029
12.82000	2.58426
12.84000	1.23021
12.86000	-18.87403
12.88000	-36.77197
12.90000	-7.83713
12.92000	19.36766
12.94000	5.80478
12.96000	2.22583
12.98000	-2.73123
13.00000	-4.92351
13.02000	8.12943
13.04000	-2.53380
13.06000	-11.11025
13.08000	-2.32181
13.10000	4.06235
13.12000	5.23872
13.14000	-22.65389
13.16000	-36.19269
13.18000	-7.08788
13.20000	3.58357
13.22000	6.55595
13.24000	9.02271
13.26000	-1.52444
13.28000	12.13570
13.30000	11.71461
13.32000	-12.18342
13.34000	-4.02861
13.36000	2.19481
13.38000	-2.13608
13.40000	-0.88704
13.42000	-15.78439
13.44000	-9.88229
13.46000	10.43917
13.48000	2.05153
13.50000	-8.02274
13.52000	-5.50910
13.54000	-0.53262
13.56000	-3.30397
13.58000	-3.91498
13.60000	13.68558
13.62000	15.27089
13.64000	-9.32124
13.66000	-15.25308
13.68000	3.01597
13.70000	0.39347
13.72000	-21.05104
13.74000	-15.12123
13.76000	5.57904
13.78000	0.90341
13.80000	-6.91838
13.82000	6.76977
13.84000	10.93663
13.86000	7.21882
13.88000	4.28029
13.90000	-15.12421
13.92000	-14.13425
13.94000	8.80839
13.96000	12.26635
13.98000	-6.71253
14.00000	-29.40043
14.02000	-13.40235
14.04000	9.01474
14.06000	-2.73751
14.08000	4.03203
14.10000	13.11285
14.12000	3.07728
14.14000	7.81677
14.16000	9.45389
14.18000	7.38014
14.20000	0.67165
14.22000	-10.38805
14.24000	2.21612
14.26000	3.58400
14.28000	-0.22046
14.30000	13.10475
14.32000	-0.21302
14.34000	-4.95309
14.36000	11.89926
14.38000	-5.18800
14.40000	-13.28924
14.42000	17.61042
14.44000	29.56662
14.46000	6.85326
14.48000	-6.85621
14.50000	13.81888
14.52000	23.73588
14.54000	-4.71539
14.56000	-14.77060
14.58000	6.80931
14.60000	14.73185
14.62000	3.63097
14.64000	-8.91613
14.66000	-10.01799
14.68000	-2.37817
14.70000	-7.64450
14.72000	-16.72039
14.74000	-10.88402
14.76000	-10.51547
14.78000	-18.25901
14.80000	-12.08923
14.82000	2.18604
14.84000	8.10867
14.86000	3.93601
14.88000	2.88773
14.90000	7.14945
14.92000	-0.10075
14.94000	-4.75293
14.96000	14.18109
14.98000	20.56855
15.00000	-0.03337
15.02000	-9.39906
15.04000	-6.46696
15.06000	8.74738
15.08000	10.53818
15.10000	-31.53248
15.12000	-29.99731
15.14000	10.70501
15.16000	0.69841
15.18000	-9.24976
15.20000	-0.52950
15.22000	-1.79350
15.24000	8.35837
15.26000	-5.37715
15.28000	-30.78983
15.30000	-10.86359
15.32000	7.79274
15.34000	5.89239
15.36000	0.98804
15.38000	-9.95484
15.40000	5.43721
15.42000	23.95067
15.44000	17.11528
15.46000	27.03624
15.48000	23.25550
15.50000	-14.07676
15.52000	-15.78137
15.54000	1.66658
15.56000	3.28333
15.58000	4.67408
15.60000	-5.77134
15.62000	-7.76709
15.64000	2.37956
15.66000	-6.42694
15.68000	-8.10709
15.70000	16.54349
15.72000	34.33103
15.74000	12.54901
15.76000	-15.48624
15.78000	1.69164
15.80000	13.24016
15.82000	-6.07927
15.84000	-7.55372
15.86000	-9.34397
15.88000	-3.18958
15.90000	15.49867
15.92000	-7.82680
15.94000	-20.05658
15.96000	16.89658
15.98000	36.74571
16.00000	30.04242
16.02000	15.54811
16.04000	-1.03796
16.06000	0.35958
16.08000	0.38758
16.10000	-6.60941
16.12000	12.45802
16.14000	20.45408
16.16000	4.57862
16.18000	-4.40944
16.20000	-28.07426
16.22000	-23.88987
16.24000	8.11906
16.26000	0.86485
16.28000	1.97485
16.30000	8.37137
16.32000	-2.77863
16.34000	13.22095
16.36000	11.68266
16.38000	-4.39244
16.40000	12.17928
16.42000	4.33768
16.44000	-18.55420
16.46000	-9.44562
16.48000	-12.62598
16.50000	-21.26942
16.52000	-10.77136
16.54000	-16.02416
16.56000	-18.29139
16.58000	3.45592
16.60000	17.24473
16.62000	5.79998
16.64000	-14.10068
16.66000	-6.72084
16.68000	15.00814
16.70000	8.27906
16.72000	-4.97295
16.74000	4.88748
16.76000	11.49109
16.78000	14.89011
16.80000	25.84142
16.82000	8.15242
16.84000	-12.00801
16.86000	2.49650
16.88000	-0.75389
16.90000	-26.43325
16.92000	-30.34780
16.94000	-17.15673
16.96000	-7.74822
16.98000	-2.48583
17.00000	1.09536
17.02000	-9.39919
17.04000	-11.69477
17.06000	6.82215
17.08000	11.19448
17.10000	21.50066
17.12000	37.60775
17.14000	9.57779
17.16000	-16.69869
17.18000	-2.66247
17.20000	2.90390
17.22000	-7.27089
17.24000	0.32317
17.26000	25.60707
17.28000	19.16493
17.30000	-16.14456
17.32000	-7.09483
17.34000	11.54584
17.36000	-8.21471
17.38000	-12.41300
17.40000	-17.05849
17.42000	-38.51482
17.44000	-24.32287
17.46000	-5.23276
17.48000	-3.43678
17.50000	13.98731
17.52000	15.45999
17.54000	-11.41126
17.56000	-22.83005
17.58000	-19.15462
17.60000	-24.01838
17.62000	-27.83715
17.64000	-8.63550
17.66000	27.10009
17.68000	41.58371
17.70000	39.85132
17.72000	54.26690
17.74000	48.48943
17.76000	12.30632
17.78000	-1.44047
17.80000	17.42660
17.82000	41.16177
17.84000	28.01081
17.86000	-10.46333
17.88000	-34.25556
17.90000	-45.09531
17.92000	-18.14230
17.94000	9.63216
17.96000	-9.65505
17.98000	-4.98953
18.00000	8.98024
18.02000	-21.48922
18.04000	-42.96048
18.06000	-34.20405
18.08000	-15.16388
18.10000	-8.70000
18.12000	-0.66544
18.14000	54.09247
18.16000	92.01941
18.18000	47.21197
18.20000	-8.39993
18.22000	-2.92673
18.24000	17.26323
18.26000	-6.66480
18.28000	-43.29004
18.30000	-34.23393
18.32000	31.15642
18.34000	83.38066
18.36000	47.52655
18.38000	-48.00411
18.40000	-78.65363
18.42000	11.81412
18.44000	63.49634
18.46000	-25.31438
18.48000	-88.26108
18.50000	-45.55772
18.52000	-16.09358
18.54000	-23.65826
18.56000	-4.25130
18.58000	43.20812
18.60000	44.27567
18.62000	-45.90844
18.64000	-107.15481
18.66000	-51.52636
18.68000	23.60003
18.70000	59.72961
18.72000	67.39659
18.74000	64.35140
18.76000	37.80028
18.78000	-46.52236
18.80000	-26.51971
18.82000	108.95772
18.84000	70.99170
18.86000	-93.59959
18.88000	-139.56590
18.90000	-46.50147
18.92000	75.43736
18.94000	110.05385
18.96000	88.22336
18.98000	69.54831
19.00000	26.77259
19.02000	-17.55734
19.04000	-48.78303
19.06000	-54.32139
19.08000	-4.09329
19.10000	20.39219
19.12000	-34.98761
19.14000	-70.13359
19.16000	-3.86713
19.18000	58.57689
19.20000	18.42749
19.22000	17.03745
19.24000	70.87859
19.26000	20.13234
19.28000	-30.57837
19.30000	38.08461
19.32000	60.21409
19.34000	-68.38935
19.36000	-133.68870
19.38000	10.38235
19.40000	102.12091
19.42000	4.96180
19.44000	-68.66428
19.46000	-55.63296
19.48000	-28.62132
19.50000	-14.11967
19.52000	-10.00437
19.54000	54.16800
19.56000	149.54478
19.58000	117.32319
19.60000	-27.81757
19.62000	-72.75782
19.64000	23.10874
19.66000	38.34485
19.68000	-75.00654
19.70000	-72.28220
19.72000	58.14691
19.74000	36.68251
19.76000	-113.21651
19.78000	-131.52657
19.80000	-66.74526
19.82000	-84.39718
19.84000	-93.24302
19.86000	-17.95178
19.88000	57.41831
19.90000	119.19386
19.92000	161.91853
19.94000	88.45740
19.96000	-41.38270
19.98000	-31.99128
20.00000	56.53603
20.02000	65.81272
20.04000	28.53193
20.06000	22.45499
20.08000	51.80367
20.10000	45.41514
20.12000	25.11700
20.14000	31.56407
20.16000	8.57236
20.18000	-4.90901
20.20000	-11.21212
20.22000	-52.14463
20.24000	-47.85146
20.26000	-36.64403
20.28000	-94.03325
20.30000	-113.73069
20.32000	-85.20653
20.34000	-114.16755
20.36000	-158.22091
20.38000	-126.60240
20.40000	-34.36955
20.42000	27.56422
20.44000	35.22634
20.46000	60.13319
20.48000	81.75929
20.50000	80.56629
20.52000	118.65984
20.54000	99.74162
20.56000	-44.65730
20.58000	-129.54276
20.60000	-69.41781
20.62000	-12.17913
20.64000	-9.68141
20.66000	0.44174
20.68000	-5.51377
20.70000	12.17919
20.72000	69.60988
20.74000	17.14261
20.76000	-52.70653
20.78000	37.90665
20.80000	89.68688
20.82000	-4.38458
20.84000	-52.75203
20.86000	-50.97710
20.88000	-91.99717
20.90000	-94.60399
20.92000	11.09648
20.94000	77.09013
20.96000	-0.10935
20.98000	-49.48774
21.00000	-18.51767
21.02000	2.03519
21.04000	17.12411
21.06000	-4.52708
21.08000	-16.97680
21.10000	60.63200
21.12000	108.71496
21.14000	67.35104
21.16000	52.64402
21.18000	54.63154
21.20000	-6.46723
21.22000	-40.40131
21.24000	-31.71684
21.26000	-113.99600
21.28000	-197.79564
21.30000	-132.56970
21.32000	-20.97750
21.34000	29.96141
21.36000	47.68811
21.38000	92.15150
21.40000	147.33454
21.42000	112.64549
21.44000	33.02929
21.46000	-5.14043
21.48000	-41.36363
21.50000	-74.73637
21.52000	-95.92385
21.54000	-73.02656
21.56000	21.32939
21.58000	4.25244
21.60000	-115.85923
21.62000	-30.66134
21.64000	125.11417
21.66000	73.75176
21.68000	-2.49631
21.70000	20.17843
21.72000	54.45216
21.74000	43.52385
21.76000	-34.54182
21.78000	-103.31382
21.80000	-45.63888
21.82000	63.63624
21.84000	16.01718
21.86000	-70.52501
21.88000	-23.43204
21.90000	-17.74434
21.92000	-43.63911
21.94000	27.72300
21.96000	62.83472
21.98000	11.71129
22.00000	-40.09679
22.02000	-33.85124
22.04000	55.59044
22.06000	136.71807
22.08000	117.61370
22.10000	30.28206
22.12000	-48.74856
22.14000	-63.65397
22.16000	-1.76542
22.18000	46.95172
22.20000	-2.03920
22.22000	-15.08375
22.24000	95.29450
22.26000	129.87101
22.28000	-4.90251
22.30000	-113.07891
22.32000	-43.78551
22.34000	87.86418
22.36000	75.63000
22.38000	-35.18791
22.40000	-57.98806
22.42000	-45.83724
22.44000	-68.11843
22.46000	-6.09276
22.48000	97.42632
22.50000	78.81080
22.52000	-73.06281
22.54000	-167.86383
22.56000	-49.10916
22.58000	44.37015
22.60000	-15.43686
22.62000	-33.21826
22.64000	-44.01367
22.66000	-37.73051
22.68000	69.82509
22.70000	108.11488
22.72000	54.11338
22.74000	42.16521
22.76000	29.15842
22.78000	10.25461
22.80000	29.58463
22.82000	-20.44831
22.84000	-75.33175
22.86000	20.96757
22.88000	114.11967
22.90000	50.54759
22.92000	-77.59515
22.94000	-139.80668
22.96000	-71.67727
22.98000	47.31740
23.00000	11.96147
23.02000	-88.17366
23.04000	24.18577
23.06000	163.79253
23.08000	112.33193
23.10000	49.27642
23.12000	28.86986
23.14000	-6.28706
23.16000	-66.86313
23.18000	-118.21744
23.20000	-50.87271
23.22000	46.84793
23.24000	70.63919
23.26000	38.51203
23.28000	-36.46872
23.30000	-72.99018
23.32000	-66.12043
23.34000	-56.28150
23.36000	-30.32205
23.38000	19.23593
23.40000	44.85906
23.42000	-20.22304
23.44000	-31.85951
23.46000	48.46774
23.48000	-0.85263
23.50000	-102.85049
23.52000	-56.51872
23.54000	54.04768
23.56000	77.89154
23.58000	35.43980
23.60000	13.93654
23.62000	-20.57066
23.64000	-15.05026
23.66000	76.44280
23.68000	90.19047
23.70000	22.30125
23.72000	-28.62588
23.74000	-52.13896
23.76000	-9.43554
23.78000	62.87355
23.80000	61.88295
23.82000	-30.22185
23.84000	-74.07437
23.86000	18.97256
23.88000	52.43467
23.90000	-41.03330
23.92000	-53.31090
23.94000	37.41003
23.96000	106.14135
23.98000	96.17409
24.00000	24.44479
24.02000	0.52681
24.04000	18.90419
24.06000	-32.90212
24.08000	-89.26599
24.10000	-72.11780
24.12000	-56.24923
24.14000	-55.24965
24.16000	-20.50341
24.18000	16.85496
24.20000	-3.29660
24.22000	-50.19064
24.24000	-14.80109
24.26000	62.95671
24.28000	10.85604
24.30000	-101.36094
24.32000	-39.80193
24.34000	93.92600
24.36000	39.61458
24.38000	-71.83607
24.40000	-35.79252
24.42000	43.31868
24.44000	57.40788
24.46000	36.99108
24.48000	32.57452
24.50000	34.23992
24.52000	30.82348
24.54000	31.35296
24.56000	-10.29040
24.58000	-71.43084
24.60000	-71.32274
24.62000	-36.43231
24.64000	-26.90274
24.66000	-7.95636
24.68000	5.92207
24.70000	-28.56718
24.72000	-3.63700
24.74000	45.80658
24.76000	17.53322
24.78000	1.44311
24.80000	-0.12404
24.82000	27.65512
24.84000	101.90675
24.86000	61.40900
24.88000	-53.54110
24.90000	-51.07666
24.92000	-13.34746
24.94000	-75.67151
24.96000	-85.19016
24.98000	22.82361
25.00000	21.46948
25.02000	-65.48099
25.04000	-20.87850
25.06000	83.44244
25.08000	104.40411
25.10000	19.25163
25.12000	-59.61500
25.14000	22.96353
25.16000	54.31141
25.18000	-75.44601
25.20000	-60.14308
25.22000	36.20419
25.24000	2.36828
25.26000	-50.69545
25.28000	-54.84310
25.30000	-27.04927
25.32000	6.40793
25.34000	24.23556
25.36000	15.03978
25.38000	1.18244
25.40000	36.33290
25.42000	45.33432
25.44000	-11.56172
25.46000	-36.43319
25.48000	-7.97859
25.50000	1.80152
25.52000	11.29597
25.54000	64.67465
25.56000	63.43941
25.58000	-11.96736
25.60000	-50.78681
25.62000	-30.73346
25.64000	4.69773
25.66000	43.17814
25.68000	64.76478
25.70000	31.59197
25.72000	33.74792
25.74000	93.55279
25.76000	39.05777
25.78000	-60.39446
25.80000	-30.03920
25.82000	22.20374
25.84000	-12.48358
25.86000	-71.66400
25.88000	-52.64586
25.90000	6.02822
25.92000	-15.02924
25.94000	-24.87358
25.96000	17.83609
25.98000	12.15308
26.00000	15.99614
26.02000	59.05541
26.04000	73.72857
26.06000	35.53086
26.08000	-27.64410
26.10000	-14.76497
26.12000	60.20968
26.14000	40.80667
26.16000	-37.08354
26.18000	-7.12537
26.20000	60.05304
26.22000	18.80495
26.24000	-49.12767
26.26000	-19.98850
26.28000	15.48074
26.30000	-49.63567
26.32000	-73.24372
26.34000	16.27081
26.36000	63.68030
26.38000	21.44152
26.40000	-8.89398
26.42000	41.10099
26.44000	79.39357
26.46000	7.01394
26.48000	-47.30924
26.50000	12.95003
26.52000	38.28357
26.54000	-35.47253
26.56000	-67.96772
26.58000	-28.95871
26.60000	0.33258
26.62000	-3.95785
26.64000	-27.96016
26.66000	-31.16391
26.68000	-22.34658
26.70000	-28.15381
26.72000	1.53620
26.74000	52.14464
26.76000	56.38014
26.78000	31.46322
26.80000	20.70409
26.82000	21.94857
26.84000	-3.26957
26.86000	-48.71944
26.88000	-66.05707
26.90000	-36.08645
26.92000	18.70127
26.94000	18.47504
26.96000	-47.67007
26.98000	-67.92091
27.00000	-16.77224
27.02000	6.63390
27.04000	-8.68968
27.06000	19.13146
27.08000	35.99591
27.10000	-30.34377
27.12000	-57.62317
27.14000	13.14594
27.16000	41.44250
27.18000	-17.18940
27.20000	-22.06744
27.22000	30.40790
27.24000	10.16073
27.26000	-30.51644
27.28000	-12.90719
27.30000	31.39620
27.32000	56.38174
27.34000	5.02492
27.36000	-67.84168
27.38000	-62.68209
27.40000	1.29999
27.42000	36.83453
27.44000	10.45958
27.46000	-1.83186
27.48000	29.60646
27.50000	55.26580
27.52000	49.39489
27.54000	5.24427
27.56000	-47.56779
27.58000	-49.85093
27.60000	19.09153
27.62000	52.36236
27.64000	-38.52487
27.66000	-83.42883
27.68000	9.94017
27.70000	26.54703
27.72000	-45.47976
27.74000	-29.80656
27.76000	-2.74329
27.78000	-26.51823
27.80000	-20.21063
27.82000	0.59291
27.84000	-0.84538
27.86000	-25.73754
27.88000	-37.35307
27.90000	6.74487
27.92000	29.52899
27.94000	-23.84615
27.96000	-52.36800
27.98000	-7.96891
28.00000	15.67245
28.02000	-6.20461
28.04000	-10.40843
28.06000	-0.35209
28.08000	8.84902
28.10000	22.24412
28.12000	-1.31498
28.14000	-31.60776
28.16000	5.34286
28.18000	43.11889
28.20000	33.66742
28.22000	36.93721
28.24000	32.12253
28.26000	-13.67602
28.28000	-27.74401
28.30000	-8.52805
28.32000	-36.73697
28.34000	-52.79044
28.36000	0.68194
28.38000	36.78039
28.40000	33.12165
28.42000	-9.36421
28.44000	-57.19611
28.46000	-17.09411
28.48000	9.17193
28.50000	-25.23886
28.52000	-11.35502
28.54000	2.33163
28.56000	9.57283
28.58000	27.55515
28.60000	-21.05705
28.62000	-67.19360
28.64000	-28.32933
28.66000	44.93934
28.68000	57.51733
28.70000	-8.41697
28.72000	-30.05017
28.74000	-5.49158
28.76000	-20.47845
28.78000	1.55233
28.80000	51.50993
28.82000	50.95095
28.84000	50.25944
28.86000	11.57764
28.88000	-43.30833
28.90000	16.03486
28.92000	73.03866
28.94000	18.77888
28.96000	-31.48889
28.98000	-27.18074
29.00000	6.86789
29.02000	38.39328
29.04000	21.73902
29.06000	5.32950
29.08000	4.89150
29.10000	-20.94978
29.12000	-19.13964
29.14000	1.29769
29.16000	-7.84095
29.18000	-5.68933
29.20000	-0.01062
29.22000	-10.82897
29.24000	-6.11569
29.26000	6.67182
29.28000	7.87926
29.30000	-10.88725
29.32000	-35.21422
29.34000	-23.77681
29.36000	-19.01976
29.38000	-25.75327
29.40000	17.03069
29.42000	25.33197
29.44000	-21.10853
29.46000	-12.91309
29.48000	19.94674
29.50000	7.15297
29.52000	-18.41266
29.54000	-14.12593
29.56000	5.76541
29.58000	12.85185
29.60000	5.35002
29.62000	0.71928
29.64000	15.26937
29.66000	22.88947
29.68000	-2.67732
29.70000	-32.07824
29.72000	-31.31523
29.74000	1.24841
29.76000	28.94650
29.78000	19.36910
29.80000	6.21419
29.82000	14.36526
29.84000	10.50675
29.86000	-3.13394
29.88000	6.73599
29.90000	24.04664
29.92000	21.86717
29.94000	9.06540
29.96000	-11.11113
29.98000	-29.56051
30.00000	-11.31659
30.02000	20.97648
30.04000	10.89817
30.06000	-16.20383
30.08000	-7.33251
30.10000	26.03566
30.12000	35.44884
30.14000	-6.95765
30.16000	-43.74199
30.18000	-1.27050
30.20000	43.90980
30.22000	11.60797
30.24000	-24.34830
30.26000	-16.05878
30.28000	15.57138
30.30000	31.77373
30.32000	7.08197
30.34000	-2.26721
30.36000	0.81468
30.38000	-13.21595
30.40000	-5.18796
30.42000	-7.72711
30.44000	-32.34522
30.46000	-16.31028
30.48000	36.66714
30.50000	55.85321
30.52000	5.37543
30.54000	-29.40872
30.56000	5.58291
30.58000	36.06318
30.60000	28.64462
30.62000	24.52782
30.64000	38.15885
30.66000	20.93979
30.68000	-21.45949
30.70000	-27.27991
30.72000	-30.67429
30.74000	-41.94895
30.76000	-10.33717
30.78000	19.43344
30.80000	3.51454
30.82000	-10.36191
30.84000	2.19490
30.86000	4.52713
30.88000	-19.69233
30.90000	-41.91160
30.92000	-26.74734
30.94000	0.42295
30.96000	-14.98891
30.98000	-21.02289
31.00000	19.55269
31.02000	30.18065
31.04000	2.25192
31.06000	-21.76143
31.08000	-29.21658
31.10000	-5.57560
31.12000	30.45840
31.14000	42.78775
31.16000	13.75910
31.18000	-29.95169
31.20000	-26.06080
31.22000	7.85298
31.24000	-0.60689
31.26000	-15.43117
31.28000	5.32713
31.30000	0.20134
31.32000	-15.88219
31.34000	-0.57412
31.36000	2.62189
31.38000	-12.01643
31.40000	-26.66279
31.42000	-31.30392
31.44000	-16.94475
31.46000	-11.80521
31.48000	-19.43978
31.50000	-7.70779
31.52000	11.83799
31.54000	10.22237
31.56000	15.88860
31.58000	31.12764
31.60000	10.83381
31.62000	-11.75310
31.64000	5.38166
31.66000	29.47863
31.68000	35.26200
31.70000	16.79783
31.72000	-12.36982
31.74000	-8.03568
31.76000	12.38091
31.78000	-0.00862
31.80000	-12.98347
31.82000	-15.75810
31.84000	-30.95434
31.86000	-14.25869
31.88000	19.19340
31.90000	25.68331
31.92000	38.38036
31.94000	33.65553
31.96000	-9.30771
31.98000	-33.40376
32.00000	-23.13921
32.02000	-9.69000
32.04000	-8.50299
32.06000	11.22631
32.08000	38.33782
32.10000	19.66309
32.12000	-2.17556
32.14000	2.68741
32.16000	0.71271
32.18000	0.51115
32.20000	-3.51936
32.22000	-15.11502
32.24000	-18.10961
32.26000	-26.57271
32.28000	-19.56525
32.30000	1.98182
32.32000	0.34676
32.34000	2.42105
32.36000	17.47054
32.38000	24.77274
32.40000	13.89655
32.42000	-11.27449
32.44000	-10.24112
32.46000	-2.02177
32.48000	-7.44681
32.50000	1.71412
32.52000	-0.15277
32.54000	-9.69988
32.56000	-5.55181
32.58000	-12.84327
32.60000	-19.18316
32.62000	-1.59692
32.64000	17.93697
32.66000	9.54812
32.68000	4.87150
32.70000	26.55334
32.72000	25.78304
32.74000	7.20095
32.76000	-3.93454
32.78000	-5.60215
32.80000	18.38554
32.82000	17.05365
32.84000	-19.01468
32.86000	-8.53666
32.88000	15.91451
32.90000	3.57304
32.92000	-5.05933
32.94000	-4.65146
32.96000	3.05029
32.98000	5.90188
33.00000	-19.66913
33.02000	-25.88755
33.04000	1.07785
33.06000	5.23932
33.08000	-12.19541
33.10000	-8.27900
33.12000	16.34066
33.14000	32.62941
33.16000	8.13365
33.18000	-40.67186
33.20000	-36.46802
33.22000	8.68256
33.24000	16.81889
33.26000	-3.15843
33.28000	-9.34757
33.30000	4.16888
33.32000	13.22937
33.34000	-0.68829
33.36000	-8.78669
33.38000	-0.94173
33.40000	4.39265
33.42000	16.89561
33.44000	25.71587
33.46000	16.02475
33.48000	8.46232
33.50000	15.23643
33.52000	31.17179
33.54000	19.89475
33.56000	-11.09869
33.58000	0.28790
33.60000	18.90162
33.62000	-2.23177
33.64000	-24.16689
33.66000	-23.00162
33.68000	-9.18433
33.70000	-7.05137
33.72000	-20.50368
33.74000	-31.98445
33.76000	-38.57566
33.78000	-28.26668
33.80000	-15.29731
33.82000	-14.86268
33.84000	-1.07139
33.86000	3.13887
33.88000	-16.19864
33.90000	-12.85854
33.92000	11.48920
33.94000	23.42068
33.96000	11.36934
33.98000	-15.04387
34.00000	-21.97628
34.02000	2.48679
34.04000	17.89111
34.06000	-3.22918
34.08000	-18.56441
34.10000	-3.06065
34.12000	4.52183
34.14000	-4.79135
34.16000	-10.46681
34.18000	-4.03731
34.20000	13.97949
34.22000	26.99891
34.24000	27.31602
34.26000	17.20346
34.28000	5.33333
34.30000	8.25898
34.32000	14.96942
34.34000	3.40365
34.36000	-11.76527
34.38000	-5.51703
34.40000	3.14529
34.42000	-2.83046
34.44000	2.09853
34.46000	19.17106
34.48000	22.75073
34.50000	14.87043
34.52000	4.82609
34.54000	-2.91761
34.56000	1.71695
34.58000	6.65479
34.60000	1.92111
34.62000	4.23703
34.64000	5.14931
34.66000	-1.30443
34.68000	18.66097
34.70000	41.67931
34.72000	22.84274
34.74000	7.23356
34.76000	12.35949
34.78000	5.86424
34.80000	0.42684
34.82000	-2.74391
34.84000	-6.24992
34.86000	-1.17987
34.88000	-3.06426
34.90000	-11.09808
34.92000	-14.95106
34.94000	-14.25445
34.96000	-7.68482
34.98000	-5.33167
35.00000	-9.90437
35.02000	-2.65409
35.04000	16.53539
35.06000	20.63183
35.08000	3.54674
35.10000	-18.65633
35.12000	-18.33727
35.14000	8.04102
35.16000	10.76735
35.18000	-6.75742
35.20000	-6.53988
35.22000	-4.18058
35.24000	-7.71220
35.26000	-11.39297
35.28000	-5.09387
35.30000	14.48092
35.32000	16.98567
35.34000	1.19734
35.36000	-8.71237
35.38000	-4.91637
35.40000	10.37432
35.42000	16.47948
35.44000	6.49671
35.46000	-4.76714
35.48000	-6.75664
35.50000	-2.85832
35.52000	-9.31110
35.54000	-17.22704
35.56000	-14.58776
35.58000	-10.43551
35.60000	-6.99072
35.62000	-1.23201
35.64000	-4.20768
35.66000	-17.66295
35.68000	-2.11066
35.70000	24.70230
35.72000	7.94828
35.74000	-8.59932
35.76000	7.79581
35.78000	15.59720
35.80000	5.09076
35.82000	-3.78001
35.84000	-5.38447
35.86000	2.19104
35.88000	15.01107
35.90000	10.09980
35.92000	-5.64931
35.94000	3.75927
35.96000	20.18900
35.98000	11.22302
36.00000	-4.84278
36.02000	-9.65447
36.04000	-2.16554
36.06000	7.92840
36.08000	6.95356
36.10000	8.13330
36.12000	14.87815
36.14000	14.56281
36.16000	18.07888
36.18000	26.33317
36.20000	20.44669
36.22000	8.20223
36.24000	15.80312
36.26000	27.50448
36.28000	17.29355
36.30000	9.79684
36.32000	11.77526
36.34000	4.05975
36.36000	-4.04092
36.38000	-6.98895
36.40000	-0.69078
36.42000	10.45233
36.44000	12.01221
36.46000	13.26362
36.48000	10.79457
36.50000	-0.95608
36.52000	-8.92090
36.54000	-10.54377
36.56000	-13.83425
36.58000	-24.57214
36.60000	-26.14989
36.62000	-11.69642
36.64000	-2.90676
36.66000	-10.66804
36.68000	-23.04512
36.70000	-18.85803
36.72000	-8.46566
36.74000	-6.96110
36.76000	0.65037
36.78000	3.12914
36.80000	-14.23597
36.82000	-26.57973
36.84000	-27.39688
36.86000	-26.52120
36.88000	-10.55098
36.90000	7.81083
36.92000	3.73023
36.94000	-4.42156
36.96000	-3.55171
36.98000	-5.45816
37.00000	-9.44019
37.02000	-3.68434
37.04000	7.17972
37.06000	3.27954
37.08000	-7.40892
37.10000	-3.17115
37.12000	6.46710
37.14000	6.87023
37.16000	-2.72912
37.18000	-9.05289
37.20000	-1.81430
37.22000	1.58940
37.24000	-5.74855
37.26000	-9.17669
37.28000	2.60623
37.30000	17.22354
37.32000	12.19601
37.34000	3.30909
37.36000	5.25178
37.38000	7.17492
37.40000	8.58898
37.42000	5.94724
37.44000	-3.09358
37.46000	-9.82562
37.48000	-9.44901
37.50000	-5.56783
37.52000	-9.93261
37.54000	-16.59678
37.56000	-7.27286
37.58000	9.46244
37.60000	16.50475
37.62000	11.46727
37.64000	3.02499
37.66000	1.02018
37.68000	0.08689
37.70000	-3.07264
37.72000	-4.24257
37.74000	-3.20029
37.76000	2.75582
37.78000	8.11307
37.80000	4.86508
37.82000	-0.77443
37.84000	-1.27820
37.86000	1.93612
37.88000	1.44029
37.90000	-3.15122
37.92000	4.08264
37.94000	19.31269
37.96000	14.98952
37.98000	-4.18589
38.00000	-14.96660
38.02000	-13.21680
38.04000	-7.79975
38.06000	-3.89664
38.08000	3.70727
38.10000	6.52409
38.12000	-4.37780
38.14000	-9.95506
38.16000	4.48404
38.18000	11.36842
38.20000	-10.28760
38.22000	-18.58117
38.24000	-1.23406
38.26000	-1.86265
38.28000	-11.50847
38.30000	-5.91970
38.32000	-1.46777
38.34000	0.19398
38.36000	16.07581
38.38000	32.04249
38.40000	17.78014
38.42000	-2.95461
38.44000	-3.76426
38.46000	-6.27827
38.48000	-2.51351
38.50000	14.10484
38.52000	14.13302
38.54000	0.63301
38.56000	-8.10955
38.58000	-9.55984
38.60000	-3.14846
38.62000	3.48523
38.64000	7.15732
38.66000	8.62435
38.68000	-4.44101
38.70000	-23.64920
38.72000	-26.29755
38.74000	-16.94308
38.76000	-11.29021
38.78000	-12.78220
38.80000	-11.22354
38.82000	-9.93500
38.84000	-11.15460
38.86000	-1.13957
38.88000	8.43137
38.90000	12.30108
38.92000	17.01954
38.94000	13.45301
38.96000	6.78568
38.98000	2.75741
39.00000	-0.37149
39.02000	-0.01390
39.04000	6.27042
39.06000	19.17827
39.08000	21.85658
39.10000	5.99769
39.12000	-6.88493
39.14000	-1.18474
39.16000	10.83634
39.18000	0.50725
39.20000	-20.09411
39.22000	-14.10452
39.24000	-3.30204
39.26000	-14.22100
39.28000	-20.72793
39.30000	-11.35505
39.32000	-12.05357
39.34000	-17.53311
39.36000	-1.43865
39.38000	9.83040
39.40000	-0.75305
39.42000	-5.38928
39.44000	-1.30870
39.46000	1.28694
39.48000	-1.92516
39.50000	-3.87600
39.52000	-2.97149
39.54000	-10.12799
39.56000	-11.57774
39.58000	-14.11973
39.60000	-15.08513
39.62000	6.58101
39.64000	14.31146
39.66000	2.29161
39.68000	7.99910
39.70000	20.57779
39.72000	12.01085
39.74000	-5.60052
39.76000	-2.13942
39.78000	9.70092
39.80000	0.20014
39.82000	-18.11592
39.84000	-15.76227
39.86000	-0.98527
39.88000	4.15774
39.90000	2.23048
39.92000	0.44011
39.94000	5.00324
39.96000	2.95117
39.98000	-10.00650
40.00000	-7.71170
40.02000	0.14873
40.04000	3.62343
40.06000	8.29179
40.08000	-2.07994
40.10000	-14.43839
40.12000	-11.50957
40.14000	-1.79655
40.16000	6.90532
40.18000	4.15240
40.20000	4.24256
40.22000	14.90991
40.24000	12.63779
40.26000	2.18156
40.28000	-3.23618
40.30000	-3.80962
40.32000	5.90039
40.34000	7.50192
40.36000	-9.65342
40.38000	-10.41215
40.40000	4.28003
40.42000	0.90143
40.44000	-12.41830
40.46000	-17.61077
40.48000	-10.28622
40.50000	-3.92225
40.52000	-8.50248
40.54000	-5.63855
40.56000	-2.32408
40.58000	-9.15499
40.60000	-9.08132
40.62000	-1.15631
40.64000	7.25632
40.66000	2.24840
40.68000	-20.72683
40.70000	-23.89338
40.72000	-0.74378
40.74000	-1.65953
40.76000	-18.39611
40.78000	-3.79569
40.80000	20.37522
40.82000	25.27479
40.84000	16.62281
40.86000	0.48657
40.88000	-5.09055
40.90000	4.61309
40.92000	9.02619
40.94000	-2.63407
40.96000	-23.15418
40.98000	-30.69577
41.00000	-14.75533
41.02000	0.65567
41.04000	-0.90355
41.06000	-6.85143
41.08000	-1.03583
41.10000	14.74922
41.12000	12.32911
41.14000	-5.80536
41.16000	-5.71120
41.18000	2.24746
41.20000	3.97370
41.22000	12.98716
41.24000	16.88964
41.26000	6.41681
41.28000	0.01339
41.30000	-1.74508
41.32000	-2.84693
41.34000	5.62728
41.36000	15.38825
41.38000	14.64840
41.40000	5.58743
41.42000	-7.85388
41.44000	-15.86344
41.46000	-14.12449
41.48000	-5.04672
41.50000	9.80053
41.52000	14.45448
41.54000	1.50587
41.56000	-9.19710
41.58000	-6.83419
41.60000	-2.91711
41.62000	3.94271
41.64000	12.15366
41.66000	-0.58555
41.68000	-17.43610
41.70000	-14.41344
41.72000	-10.20236
41.74000	-7.87864
41.76000	-6.42472
41.78000	-13.83909
41.80000	-9.71818
41.82000	4.93560
41.84000	4.79803
41.86000	0.98931
41.88000	2.69952
41.90000	-3.04831
41.92000	-9.58042
41.94000	-4.62720
41.96000	7.89591
41.98000	8.60868
42.00000	-4.90876
42.02000	-4.70166
42.04000	3.62915
42.06000	8.50533
42.08000	20.68682
42.10000	14.78189
42.12000	-1.31495
42.14000	11.01309
42.16000	19.29922
42.18000	4.21464
42.20000	-3.75116
42.22000	-3.54475
42.24000	-1.65851
42.26000	2.94213
42.28000	-3.10635
42.30000	-17.97196
42.32000	-23.27478
42.34000	-13.66598
42.36000	-0.54212
42.38000	-2.80844
42.40000	-8.74072
42.42000	-0.05181
42.44000	6.56693
42.46000	11.29716
42.48000	12.86546
42.50000	5.46811
42.52000	10.07098
42.54000	14.56043
42.56000	5.62183
42.58000	0.16370
42.60000	5.02855
42.62000	15.91083
42.64000	14.11953
42.66000	5.72113
42.68000	6.72300
42.70000	0.57631
42.72000	-6.05425
42.74000	-2.29613
42.76000	-1.55420
42.78000	-2.50790
42.80000	-4.02951
42.82000	-7.31994
42.84000	-8.54641
42.86000	-8.39155
42.88000	-3.21218
42.90000	8.93704
42.92000	17.51611
42.94000	8.78451
42.96000	-6.26022
42.98000	-4.69077
43.00000	9.52939
43.02000	17.53076
43.04000	8.27042
43.06000	-6.27219
43.08000	-4.80544
43.10000	4.55580
43.12000	0.45453
43.14000	-10.58784
43.16000	-8.59538
43.18000	1.78412
43.20000	10.62260
43.22000	11.95202
43.24000	1.33055
43.26000	5.14156
43.28000	21.08446
43.30000	12.07748
43.32000	-4.15735
43.34000	2.01939
43.36000	17.62502
43.38000	20.99177
43.40000	15.05294
43.42000	13.27871
43.44000	9.92626
43.46000	-0.66449
43.48000	-13.64468
43.50000	-16.13389
43.52000	-11.68493
43.54000	-16.24998
43.56000	-11.54175
43.58000	2.53654
43.60000	6.52960
43.62000	14.48833
43.64000	24.06978
43.66000	21.64972
43.68000	15.51237
43.70000	7.22613
43.72000	-0.82506
43.74000	4.38104
43.76000	15.77831
43.78000	11.89679
43.80000	3.67147
43.82000	11.67675
43.84000	17.85105
43.86000	8.88528
43.88000	1.00489
43.90000	-2.82518
43.92000	-9.80124
43.94000	-11.82496
43.96000	-8.22533
43.98000	-11.25892
44.00000	-11.01426
44.02000	0.79465
44.04000	7.79050
44.06000	5.78494
44.08000	-5.34449
44.10000	-16.61846
44.12000	-11.16236
44.14000	-6.20489
44.16000	-5.11173
44.18000	5.49195
44.20000	8.87441
44.22000	1.43849
44.24000	2.09282
44.26000	11.00746
44.28000	8.28635
44.30000	-3.32226
44.32000	-4.76640
44.34000	-2.28298
44.36000	-0.45362
44.38000	3.15159
44.40000	2.42692
44.42000	0.79634
44.44000	1.56409
44.46000	0.24413
44.48000	-2.38235
44.50000	2.46708
44.52000	11.06456
44.54000	7.76713
44.56000	-0.60736
44.58000	-1.81727
44.60000	1.18772
44.62000	-0.19797
44.64000	-8.79247
44.66000	-6.66079
44.68000	-1.00651
44.70000	-11.16748
44.72000	-10.53247
44.74000	-3.77109
44.76000	-13.78370
44.78000	-9.89758
44.80000	2.30340
44.82000	-1.40505
44.84000	1.67395
44.86000	7.89927
44.88000	4.51322
44.90000	8.69733
44.92000	14.80378
44.94000	5.00791
44.96000	-3.65456
44.98000	2.75696
45.00000	1.20385
45.02000	-10.36617
45.04000	-12.04415
45.06000	-6.83980
45.08000	0.03334
45.10000	3.51924
45.12000	2.70528
45.14000	7.49352
45.16000	2.11049
45.18000	-18.94481
45.20000	-20.00799
45.22000	-1.16945
45.24000	1.28560
45.26000	-5.26844
45.28000	7.20541
45.30000	22.90911
45.32000	17.49154
45.34000	4.20971
45.36000	-5.03192
45.38000	-15.11172
45.40000	-13.91452
45.42000	-2.29045
45.44000	3.81972
45.46000	13.16202
45.48000	13.45489
45.50000	4.02398
45.52000	11.27567
45.54000	9.58477
45.56000	-5.11792
45.58000	-2.90815
45.60000	8.17120
45.62000	10.03832
45.64000	-7.11042
45.66000	-19.45045
45.68000	-9.31974
45.70000	-3.70207
45.72000	-2.32043
45.74000	3.97813
45.76000	3.90479
45.78000	1.11557
45.80000	-2.93035
45.82000	-0.58623
45.84000	12.41321
45.86000	10.18123
45.88000	-1.65039
45.90000	3.14410
45.92000	3.79063
45.94000	-12.20476
45.96000	-13.71696
45.98000	-0.49643
46.00000	-2.28338
46.02000	-7.59906
46.04000	3.89307
46.06000	12.81749
46.08000	7.11563
46.10000	-5.26430
46.12000	-14.62283
46.14000	-11.33592
46.16000	-6.35927
46.18000	-5.67269
46.20000	-2.54017
46.22000	-0.83558
46.24000	-0.61831
46.26000	-3.43547
46.28000	-10.12349
46.30000	-14.55831
46.32000	-16.29395
46.34000	-16.48208
46.36000	-15.65897
46.38000	-13.80503
46.40000	-9.47350
46.42000	-0.92320
46.44000	11.31056
46.46000	19.48428
46.48000	12.08571
46.50000	-3.15232
46.52000	-2.23751
46.54000	2.48485
46.56000	-6.35945
46.58000	-8.56882
46.60000	-2.11232
46.62000	2.59839
46.64000	2.13060
46.66000	-4.22812
46.68000	-0.30440
46.70000	11.04172
46.72000	11.26788
46.74000	3.44756
46.76000	2.24784
46.78000	9.49978
46.80000	11.76540
46.82000	6.50713
46.84000	2.07112
46.86000	0.94703
46.88000	0.94422
46.90000	-1.82175
46.92000	-5.10192
46.94000	-0.18094
46.96000	9.16118
46.98000	8.49650
47.00000	-0.45334
47.02000	-4.20447
47.04000	0.52122
47.06000	4.15290
47.08000	2.88479
47.10000	5.26915
47.12000	9.17700
47.14000	5.67085
47.16000	-2.65773
47.18000	-5.25044
47.20000	-1.66747
47.22000	-3.18147
47.24000	-7.21425
47.26000	-3.90600
47.28000	3.91020
47.30000	8.46518
47.32000	6.98373
47.34000	4.68901
47.36000	10.42730
47.38000	17.18945
47.40000	12.53867
47.42000	4.36571
47.44000	-0.62539
47.46000	-2.85296
47.48000	-7.79637
47.50000	-11.47153
47.52000	4.00241
47.54000	8.29567
47.56000	-14.83275
47.58000	-22.15103
47.60000	-15.08103
47.62000	-9.53582
47.64000	1.80598
47.66000	6.38819
47.68000	0.99915
47.70000	-2.71298
47.72000	2.50564
47.74000	12.95233
47.76000	12.27301
47.78000	0.72924
47.80000	-7.99902
47.82000	-13.07017
47.84000	-17.81629
47.86000	-17.34233
47.88000	-7.63553
47.90000	2.03378
47.92000	5.12324
47.94000	8.05888
47.96000	11.47086
47.98000	13.45464
48.00000	6.33200
48.02000	-8.12889
48.04000	-4.30601
48.06000	7.36448
48.08000	0.64917
48.10000	-7.55120
48.12000	-1.61560
48.14000	9.86225
48.16000	13.33414
48.18000	4.90791
48.20000	1.05051
48.22000	7.45178
48.24000	7.94707
48.26000	1.12994
48.28000	-4.36004
48.30000	-7.85400
48.32000	-10.27056
48.34000	-15.89049
48.36000	-19.92170
48.38000	-11.42195
48.40000	0.68312
48.42000	1.10440
48.44000	-7.24663
48.46000	-8.32020
48.48000	-1.73132
48.50000	-2.17364
48.52000	-0.20681
48.54000	13.14355
48.56000	14.76069
48.58000	1.21770
48.60000	-3.70083
48.62000	-1.78589
48.64000	-9.67469
48.66000	-15.53749
48.68000	-2.06834
48.70000	6.21163
48.72000	-7.05428
48.74000	-12.54759
48.76000	-6.40324
48.78000	-4.51102
48.80000	-1.87985
48.82000	0.38735
48.84000	0.70515
48.86000	0.32788
48.88000	-3.14662
48.90000	-4.01511
48.92000	0.94520
48.94000	4.31443
48.96000	1.29067
48.98000	3.86926
49.00000	11.37643
49.02000	1.71967
49.04000	-13.42981
49.06000	-9.03219
49.08000	3.45532
49.10000	7.29892
49.12000	2.42664
49.14000	-7.00988
49.16000	-10.82548
49.18000	-5.37547
49.20000	-6.04959
49.22000	-13.31315
49.24000	-11.07056
49.26000	-1.72523
49.28000	0.91477
49.30000	-5.65751
49.32000	-9.77310
49.34000	-6.54828
49.36000	0.78975
49.38000	6.93611
49.40000	-0.47500
49.42000	-12.64326
49.44000	-10.10513
49.46000	1.16060
49.48000	11.34557
49.50000	12.61479
49.52000	-1.39481
49.54000	-11.19589
49.56000	-5.94989
49.58000	0.86168
49.60000	4.81541
49.62000	1.99992
49.64000	-0.09172
49.66000	8.00683
49.68000	11.20427
49.70000	6.48837
49.72000	1.83422
49.74000	5.66513
49.76000	21.10559
49.78000	23.48522
49.80000	9.41737
49.82000	2.34835
49.84000	1.06777
49.86000	-1.97250
49.88000	-5.75127
49.90000	-7.68141
49.92000	-6.46470
49.94000	-7.59542
49.96000	-12.19817
49.98000	-16.26235
50.00000	-13.55147
50.02000	-3.28129
50.04000	2.89102
50.06000	2.64277
50.08000	1.17110
50.10000	-3.97279
50.12000	-8.62833
50.14000	-2.40306
50.16000	11.54622
50.18000	14.68322
50.20000	1.76843
50.22000	-5.80271
50.24000	2.34065
50.26000	8.11325
50.28000	-0.65677
50.30000	-6.79581
50.32000	1.42794
50.34000	4.83955
50.36000	-2.55244
50.38000	-5.90791
50.40000	-1.40577
50.42000	4.07361
50.44000	3.53559
50.46000	6.06911
50.48000	11.20916
50.50000	3.18828
50.52000	-0.13752
50.54000	8.36742
50.56000	4.09287
50.58000	-2.88445
50.60000	2.80258
50.62000	6.61629
50.64000	1.10479
50.66000	-6.49809
50.68000	-8.12512
50.70000	-4.34505
50.72000	-0.72904
50.74000	2.25155
50.76000	3.66508
50.78000	0.61554
50.80000	-3.03029
50.82000	1.67084
50.84000	9.32259
50.86000	3.18606
50.88000	-5.98215
50.90000	2.18164
50.92000	9.65397
50.94000	-0.08746
50.96000	-10.15860
50.98000	-12.43575
51.00000	-14.18937
51.02000	-13.00347
51.04000	-5.56696
51.06000	1.04239
51.08000	-0.15408
51.10000	-5.86584
51.12000	-5.88090
51.14000	-2.71152
51.16000	-6.72067
51.18000	-10.22238
51.20000	-5.36648
51.22000	-1.48093
51.24000	-4.61369
51.26000	-8.71914
51.28000	-5.00046
51.30000	5.13521
51.32000	10.09093
51.34000	6.32970
51.36000	6.42449
51.38000	10.72242
51.40000	3.05988
51.42000	-8.16421
51.44000	-12.59174
51.46000	-11.02507
51.48000	1.96449
51.50000	6.60357
51.52000	-2.79779
51.54000	-1.25363
51.56000	9.00903
51.58000	12.76424
51.60000	6.03173
51.62000	-0.87813
51.64000	3.20993
51.66000	8.27450
51.68000	5.51767
51.70000	3.28435
51.72000	6.30729
51.74000	6.00639
51.76000	4.25119
51.78000	8.03318
51.80000	1.58867
51.82000	-11.73537
51.84000	-6.43316
51.86000	3.14562
51.88000	2.76252
51.90000	5.88997
51.92000	5.83976
51.94000	0.66240
51.96000	3.20776
51.98000	4.83113
52.00000	-3.60830
52.02000	-12.61657
52.04000	-9.70421
52.06000	1.27809
52.08000	5.34768
52.10000	3.57641
52.12000	5.51447
52.14000	11.03379
52.16000	9.52343
52.18000	-4.91137
52.20000	-15.87128
52.22000	-10.96803
52.24000	-6.39818
52.26000	-11.60688
52.28000	-8.14253
52.30000	4.20844
52.32000	7.61762
52.34000	6.84906
52.36000	7.27397
52.38000	9.24661
52.40000	15.43695
52.42000	14.65081
52.44000	6.48985
52.46000	5.50313
52.48000	7.34756
52.50000	1.96427
52.52000	-1.65330
52.54000	4.50543
52.56000	6.35560
52.58000	-5.16929
52.60000	-10.13798
52.62000	-1.27853
52.64000	5.15022
52.66000	7.43060
52.68000	7.41900
52.70000	4.65302
52.72000	2.46996
52.74000	-0.98168
52.76000	-0.72569
52.78000	3.84026
52.80000	0.24201
52.82000	-4.22639
52.84000	2.90323
52.86000	5.02533
52.88000	-4.35689
52.90000	-4.91963
52.92000	3.72528
52.94000	2.13717
52.96000	-6.65814
52.98000	-4.64958
53.00000	2.26994
53.02000	-1.00008
53.04000	-7.35241
53.06000	-2.38360
53.08000	5.08537
53.10000	-0.58817
53.12000	-3.53495
53.14000	3.68955
53.16000	1.80580
53.18000	-3.22171
53.20000	-2.32432
53.22000	-2.86859
53.24000	-3.02028
53.26000	-2.63238
53.28000	-1.60765
53.30000	2.93051
53.32000	6.75471
53.34000	8.22344
53.36000	7.33628
53.38000	1.18624
53.40000	-4.20578
53.42000	-1.12871
53.44000	2.42361
53.46000	1.02445
53.48000	0.21370
53.50000	-1.07548
53.52000	-4.00929
53.54000	-5.41459
53.56000	-4.14120
53.58000	-0.61476
53.60000	3.01105
53.62000	5.22497
53.64000	3.29557
53.66000	-0.15065
53.68000	1.25976
53.70000	1.83338
53.72000	-0.97174
53.74000	0.39204
53.76000	4.89507
53.78000	4.53237
53.80000	-0.84283
53.82000	-0.01319
53.84000	9.29747
53.86000	13.25484
53.88000	7.42853
53.90000	1.90822
53.92000	-0.90092
53.94000	-5.35445
53.96000	-7.71491
53.98000	-6.68084
54.00000	-5.05602
54.02000	-3.21604
54.04000	-3.55864
54.06000	-2.40401
54.08000	2.01202
54.10000	2.87180
54.12000	-0.32393
54.14000	-1.24331
54.16000	4.30574
54.18000	8.04876
54.20000	2.89155
54.22000	-2.06647
54.24000	0.39587
54.26000	6.12001
54.28000	4.27988
54.30000	-3.64823
54.32000	-3.32123
54.34000	-0.25312
54.36000	-5.91656
54.38000	-9.78926
54.40000	-3.80774
54.42000	1.37121
54.44000	-0.28910
54.46000	-1.56879
54.48000	1.76925
54.50000	6.57754
54.52000	8.02375
54.54000	2.81990
54.56000	-6.30458
54.58000	-9.76171
54.60000	-6.63183
54.62000	-7.49439
54.64000	-11.13086
54.66000	-8.16390
54.68000	-1.08775
54.70000	2.18095
54.72000	0.49014
54.74000	-0.55652
54.76000	2.69662
54.78000	6.61028
54.80000	6.77222
54.82000	2.97550
54.84000	1.18092
54.86000	3.87463
54.88000	3.15280
54.90000	1.35718
54.92000	5.03930
54.94000	5.23547
54.96000	-1.84424
54.98000	-4.82711
55.00000	1.17964
55.02000	4.12229
55.04000	-1.36642
55.06000	-1.81026
55.08000	3.73907
55.10000	2.03220
55.12000	-6.21698
55.14000	-10.10399
55.16000	-4.43300
55.18000	2.30289
55.20000	1.00665
55.22000	-2.00161
55.24000	0.45564
55.26000	4.90182
55.28000	4.75462
55.30000	3.56469
55.32000	8.82819
55.34000	11.68028
55.36000	5.53466
55.38000	1.82320
55.40000	2.92747
55.42000	0.28876
55.44000	-0.52486
55.46000	2.87962
55.48000	-1.63555
55.50000	-4.88374
55.52000	0.76769
55.54000	-2.34403
55.56000	-9.26388
55.58000	-6.23154
55.60000	-0.46807
55.62000	3.34045
55.64000	4.31070
55.66000	3.12916
55.68000	5.22068
55.70000	7.57577
55.72000	1.38656
55.74000	-6.32379
55.76000	-4.22426
55.78000	-0.53618
55.80000	0.13376
55.82000	4.03495
55.84000	5.56155
55.86000	0.48775
55.88000	0.77069
55.90000	7.64155
55.92000	1.13190
55.94000	-13.01534
55.96000	-10.97094
55.98000	-5.57035
56.00000	-9.86614
56.02000	-9.33328
56.04000	-1.38056
56.06000	4.43964
56.08000	3.98897
56.10000	-2.01007
56.12000	-5.68306
56.14000	-2.25184
56.16000	1.45963
56.18000	3.72340
56.20000	7.22738
56.22000	8.51553
56.24000	3.26001
56.26000	-6.14083
56.28000	-8.35053
56.30000	-7.57537
56.32000	-13.31460
56.34000	-10.95506
56.36000	-2.08071
56.38000	-3.56258
56.40000	-6.04348
56.42000	-2.56769
56.44000	-1.13279
56.46000	-3.17064
56.48000	-5.91920
56.50000	-3.92733
56.52000	4.05770
56.54000	7.32264
56.56000	1.31072
56.58000	-3.54805
56.60000	-2.96727
56.62000	-0.44478
56.64000	6.47382
56.66000	12.77596
56.68000	7.41016
56.70000	-3.57485
56.72000	-7.98191
56.74000	-3.77418
56.76000	2.20739
56.78000	-0.19701
56.80000	-6.15806
56.82000	-3.99067
56.84000	3.96633
56.86000	9.00952
56.88000	6.96942
56.90000	1.38604
56.92000	-4.31610
56.94000	-6.73866
56.96000	-3.64865
56.98000	-3.52368
57.00000	-6.30750
57.02000	-3.27725
57.04000	-1.96953
57.06000	-8.70906
57.08000	-8.82858
57.10000	0.44999
57.12000	0.65237
57.14000	-2.56343
57.16000	3.28735
57.18000	3.27415
57.20000	-4.71540
57.22000	-4.32207
57.24000	4.16120
57.26000	6.55871
57.28000	0.04155
57.30000	-3.25092
57.32000	0.00606
57.34000	1.12284
57.36000	-2.57920
57.38000	-3.14513
57.40000	3.94781
57.42000	8.79499
57.44000	5.30186
57.46000	1.50469
57.48000	-0.12231
57.50000	-2.56644
57.52000	-4.21731
57.54000	-4.58976
57.56000	-5.10356
57.58000	-7.75336
57.60000	-8.07217
57.62000	-0.49274
57.64000	5.81058
57.66000	6.03973
57.68000	5.50007
57.70000	0.78919
57.72000	-6.37588
57.74000	-5.57834
57.76000	2.94524
57.78000	7.70023
57.80000	2.65582
57.82000	-2.91774
57.84000	-2.94816
57.86000	-0.06964
57.88000	4.30821
57.90000	7.18872
57.92000	8.85255
57.94000	8.48031
57.96000	3.28625
57.98000	-1.61002
58.00000	-0.82238
58.02000	4.16102
58.04000	4.93522
58.06000	-0.40438
58.08000	-3.51878
58.10000	-3.85341
58.12000	-2.39611
58.14000	0.08024
58.16000	-1.75770
58.18000	-2.50988
58.20000	3.07931
58.22000	7.83191
58.24000	6.57307
58.26000	1.53316
58.28000	-2.64424
58.30000	-4.04853
58.32000	-3.54049
58.34000	-2.73265
58.36000	-2.74616
58.38000	-3.23317
58.40000	-5.36247
58.42000	-8.85420
58.44000	-7.03751
58.46000	1.80363
58.48000	4.39021
58.50000	-3.65073
58.52000	-6.22730
58.54000	-0.02819
58.56000	3.63408
58.58000	5.96041
58.60000	9.29046
58.62000	5.25046
58.64000	-3.87460
58.66000	-5.98331
58.68000	-3.22340
58.70000	-4.29601
58.72000	-6.86211
58.74000	-3.32955
58.76000	6.05469
58.78000	12.29765
58.80000	9.48039
58.82000	2.20170
58.84000	1.28376
58.86000	5.52664
58.88000	1.82657
58.90000	-5.77916
58.92000	-6.47379
58.94000	-4.89248
58.96000	-3.05358
58.98000	-0.69957
59.00000	-1.82001
59.02000	-1.92936
59.04000	3.33046
59.06000	6.88217
59.08000	3.82619
59.10000	-0.62729
59.12000	-2.93984
59.14000	-1.86651
59.16000	0.54848
59.18000	-1.11447
59.20000	-1.23640
59.22000	5.13074
59.24000	9.71132
59.26000	5.21925
59.28000	-3.87753
59.30000	-5.59096
59.32000	0.52075
59.34000	3.37308
59.36000	0.90393
59.38000	-1.46769
59.40000	-1.06652
59.42000	1.52066
59.44000	3.60315
59.46000	3.69975
59.48000	2.68314
59.50000	1.65350
59.52000	0.29915
59.54000	-3.65694
59.56000	-9.73650
59.58000	-12.42926
59.60000	-11.55349
59.62000	-13.55207
59.64000	-17.56108
59.66000	-16.32758
59.68000	-8.08252
59.70000	-0.98262
59.72000	-2.41532
59.74000	-5.80050
59.76000	-3.15006
59.78000	3.14183
59.80000	6.23984
59.82000	3.43524
59.84000	1.05591
59.86000	3.70431
59.88000	6.46313
59.90000	3.07376
59.92000	-2.63509
59.94000	-2.21051
59.96000	2.35578
59.98000	5.77020
60.00000	5.41534
60.02000	1.38645
60.04000	2.29331
60.06000	11.14616
60.08000	17.31929
60.10000	14.08942
60.12000	6.65935
60.14000	3.67044
60.16000	5.60494
60.18000	5.91351
60.20000	2.67876
60.22000	-0.42586
60.24000	1.08370
60.26000	6.08340
60.28000	7.82118
60.30000	5.27180
60.32000	2.21812
60.34000	-0.23227
60.36000	-1.86236
60.38000	-2.47671
60.40000	-2.92047
60.42000	-2.70360
60.44000	-0.22447
60.46000	3.51007
60.48000	5.50281
60.50000	3.75822
60.52000	-0.15005
60.54000	-1.36126
60.56000	1.40134
60.58000	3.19648
60.60000	0.10423
60.62000	-4.55600
60.64000	-5.13826
60.66000	-2.76327
60.68000	-2.08873
60.70000	-2.83925
60.72000	-2.99102
60.74000	-2.99626
60.76000	-2.05106
60.78000	0.30474
60.80000	2.52179
60.82000	3.65591
60.84000	1.25582
60.86000	-4.84103
60.88000	-8.10018
60.90000	-4.88861
60.92000	-0.71204
60.94000	0.18778
60.96000	0.52397
60.98000	1.98147
61.00000	4.66257
61.02000	6.61477
61.04000	2.07384
61.06000	-5.21027
61.08000	-3.71813
61.10000	3.48481
61.12000	3.95347
61.14000	1.62798
61.16000	4.89031
61.18000	8.16481
61.20000	8.22737
61.22000	4.23311
61.24000	-2.06489
61.26000	-2.09086
61.28000	-0.52618
61.30000	-2.91253
61.32000	-2.00264
61.34000	1.38952
61.36000	1.41198
61.38000	-0.27185
61.40000	-0.79882
61.42000	-0.58891
61.44000	-1.34919
61.46000	-2.46782
61.48000	-0.27320
61.50000	4.66436
61.52000	5.50929
61.54000	0.40023
61.56000	-2.08251
61.58000	5.13982
61.60000	12.69258
61.62000	7.74594
61.64000	-0.93406
61.66000	-0.05305
61.68000	3.26844
61.70000	-0.39238
61.72000	-5.86496
61.74000	-7.06691
61.76000	-6.71644
61.78000	-8.54319
61.80000	-11.18371
61.82000	-8.65664
61.84000	-0.45597
61.86000	1.82384
61.88000	-3.24705
61.90000	-1.43643
61.92000	5.54108
61.94000	4.29574
61.96000	-2.54763
61.98000	-4.66421
62.00000	-1.28633
62.02000	-0.68513
62.04000	-5.96268
62.06000	-8.17376
62.08000	-2.59306
62.10000	0.83611
62.12000	-3.43493
62.14000	-5.86951
62.16000	-2.32508
62.18000	1.90626
62.20000	3.34685
62.22000	2.17101
62.24000	2.36435
62.26000	4.60482
62.28000	5.10201
62.30000	4.79605
62.32000	7.74298
62.34000	9.65823
62.36000	4.80647
62.38000	0.12754
62.40000	1.14874
62.42000	0.59933
62.44000	-6.58702
62.46000	-9.14814
62.48000	0.74221
62.50000	4.80193
62.52000	-2.63345
62.54000	-3.21621
62.56000	-0.55666
62.58000	-4.96539
62.60000	-8.96798
62.62000	-7.05944
62.64000	-1.99108
62.66000	1.30593
62.68000	1.51989
62.70000	-1.02988
62.72000	-4.27124
62.74000	-3.18129
62.76000	0.99962
62.78000	2.26553
62.80000	0.17562
62.82000	-0.02371
62.84000	1.99942
62.86000	1.70428
62.88000	-0.34548
62.90000	0.69627
62.92000	5.25923
62.94000	9.31425
62.96000	9.86206
62.98000	5.42453
63.00000	0.51973
63.02000	-0.67365
63.04000	-1.57361
63.06000	-2.87714
63.08000	-3.55267
63.10000	-4.00357
63.12000	-3.68424
63.14000	-2.94613
63.16000	0.31843
63.18000	6.30440
63.20000	7.78132
63.22000	3.31476
63.24000	0.54792
63.26000	0.69712
63.28000	-0.97301
63.30000	-4.82898
63.32000	-7.52800
63.34000	-5.31456
63.36000	0.56331
63.38000	3.64168
63.40000	2.26069
63.42000	-2.22768
63.44000	-6.10901
63.46000	-3.22327
63.48000	-1.59005
63.50000	-4.97725
63.52000	0.17587
63.54000	6.51361
63.56000	1.97736
63.58000	-1.67926
63.60000	-2.29066
63.62000	-5.37777
63.64000	-6.95041
63.66000	-6.06682
63.68000	-3.74502
63.70000	-2.50966
63.72000	-2.68732
63.74000	-0.53846
63.76000	1.16136
63.78000	-0.67354
63.80000	-2.44082
63.82000	1.83941
63.84000	9.68059
63.86000	10.35242
63.88000	5.66402
63.90000	3.13827
63.92000	0.73326
63.94000	-0.02927
63.96000	4.01220
63.98000	7.41702
64.00000	6.06289
64.02000	3.29743
64.04000	1.44116
64.06000	-0.72014
64.08000	-2.42101
64.10000	-3.34044
64.12000	-4.37734
64.14000	-5.01813
64.16000	-4.24996
64.18000	-1.98352
64.20000	-1.64871
64.22000	-4.37103
64.24000	-4.61923
64.26000	-3.20594
64.28000	-6.17487
64.30000	-8.56876
64.32000	-6.03518
64.34000	-3.90599
64.36000	-3.30429
64.38000	-3.16562
64.40000	-3.71973
64.42000	-3.61887
64.44000	-2.47288
64.46000	0.20541
64.48000	3.43587
64.50000	6.10784
64.52000	8.17134
64.54000	6.31753
64.56000	1.22447
64.58000	0.10521
64.60000	3.05159
64.62000	5.00994
64.64000	5.22228
64.66000	2.35118
64.68000	-1.58377
64.70000	-0.69976
64.72000	2.24519
64.74000	1.11509
64.76000	-2.49183
64.78000	-2.88974
64.80000	0.74865
64.82000	3.17708
64.84000	0.71231
64.86000	-2.95328
64.88000	-2.38820
64.90000	-0.90803
64.92000	-4.65611
64.94000	-10.87411
64.96000	-11.60358
64.98000	-5.95547
65.00000	-3.86505
65.02000	-5.77381
65.04000	-0.38537
65.06000	7.50658
65.08000	6.94712
65.10000	2.80400
65.12000	3.92495
65.14000	8.66724
65.16000	8.69919
65.18000	3.52042
65.20000	-0.68032
65.22000	-1.72134
65.24000	-1.18547
65.26000	-1.59805
65.28000	-2.80834
65.30000	-1.54833
65.32000	1.77254
65.34000	2.55070
65.36000	0.39448
65.38000	-0.18124
65.40000	2.42014
65.42000	5.65943
65.44000	6.40474
65.46000	2.56796
65.48000	-3.62405
65.50000	-6.44117
65.52000	-3.15004
65.54000	2.44865
65.56000	4.18495
65.58000	1.45880
65.60000	-1.15081
65.62000	-0.14052
